0.7598
0.7598
0.7598
0.7598
0.7598
0.7598
0.7598
0.7598
0.7598
0.7598
0.7598
0.7598
0.7598
0.7599
0.7598
0.7596
0.7592
0.7587
0.7584
0.7581
0.7578
0.7574
0.757
0.7561
0.7557
0.7551
0.7546
0.754
0.7534
0.7527
0.752
0.7513
0.7506
0.7498
0.7481
0.7473
0.7464
0.7455
0.7445
0.7424
0.7413
0.7402
0.739
0.7378
0.7365
0.7352
0.7338
0.731
0.7295
0.7279
0.7263
0.7246
0.7229
0.7211
0.7193
0.7155
0.7135
0.7114
0.7093
0.707
0.7047
0.7024
0.6999
0.6974
0.6948
0.6921
0.6865
0.6835
0.6805
0.6773
0.674
0.6707
0.6673
0.6601
0.6563
0.6524
0.6484
0.6443
0.64
0.6357
0.6312
0.6219
0.6171
0.6121
0.607
0.6018
0.591
0.5854
0.5797
0.5738
0.5678
0.5555
0.5491
0.5426
0.5359
0.5292
0.5223
0.5152
0.5081
0.5007
0.4857
0.478
0.4701
0.4621
0.454
0.4458
0.4374
0.4289
0.4203
0.4115
0.4026
0.3936
0.3844
0.3657
0.3562
0.3465
0.3367
0.3268
0.3168
0.3067
0.2965
0.2861
0.2757
0.2652
0.2438
0.2329
0.222
0.211
0.2002
0.1896
0.1793
0.1696
0.1606
0.1529
0.1469
0.1434
0.1462
0.1385
0.1235
0.1091
0.0952
0.0817
0.0689
0.0565
0.0448
0.0337
0.0234
0.0145
-0.0098
-0.0131
-0.0204
-0.0365
-0.0444
-0.0523
-0.0602
-0.068
-0.0757
-0.0833
-0.0984
-0.1059
-0.1132
-0.1205
-0.1277
-0.1347
-0.1417
-0.1485
-0.1552
-0.1618
-0.1683
-0.1808
-0.1869
-0.1928
-0.1986
-0.2042
-0.2096
-0.2149
-0.22
-0.2249
-0.2341
-0.2385
-0.2426
-0.2466
-0.2503
-0.2538
-0.2571
-0.2601
-0.263
-0.2656
-0.2679
-0.2701
-0.272
-0.2736
-0.275
-0.2762
-0.2771
-0.2777
-0.2782
-0.2781
-0.2777
-0.277
-0.2761
-0.2749
-0.2735
-0.2718
-0.2698
-0.2676
-0.2651
-0.2623
-0.2593
-0.2562
-0.2527
-0.2489
-0.245
-0.2407
-0.2362
-0.2316
-0.2214
-0.2159
-0.2103
-0.2043
-0.1983
-0.192
-0.1856
-0.1789
-0.172
-0.165
-0.1578
-0.1504
-0.1429
-0.1352
-0.1193
-0.1112
-0.1029
-0.0945
-0.0861
-0.0774
-0.0688
-0.0601
-0.0423
-0.0334
-0.0244
-0.0155
-0.0064
0.0026
0.0116
0.0206
0.0295
0.0384
0.0473
0.056
0.0648
0.0734
0.0819
0.0903
0.0986
0.1068
0.1227
0.1306
0.1381
0.1455
0.1527
0.1597
0.1665
0.173
0.1793
0.1854
0.1912
0.2021
0.2071
0.2119
0.2163
0.2205
0.2244
0.2279
0.2311
0.234
0.2366
0.2407
0.2423
0.2435
0.2444
0.2449
0.2451
0.2449
0.2444
0.2435
0.2423
0.2408
0.2366
0.234
0.2311
0.2278
0.2242
0.2204
0.2161
0.2116
0.2068
0.2017
0.1963
0.1907
0.1847
0.1786
0.1654
0.1585
0.1514
0.1441
0.1366
0.1289
0.1211
0.1131
0.105
0.0968
0.0886
0.0801
0.0717
0.0631
0.0547
0.0388
0.0315
0.0249
0.0188
0.0135
0.0091
0.0053
-0.0028
-0.0039
-0.0062
-0.0095
-0.0103
-0.0106
-0.0106
-0.0106
-0.0103
-0.0099
-0.0096
-0.009
-0.0085
-0.0078
-0.0071
-0.0062
-0.0054
-0.0043
-0.0033
-0.001
0.0003
0.0016
0.003
0.0044
0.006
0.0075
0.0092
0.0108
0.0142
0.0161
0.0179
0.0198
0.0216
0.0235
0.0254
0.0273
0.0292
0.0312
0.033
0.0369
0.0388
0.0406
0.0425
0.0443
0.0461
0.0478
0.0496
0.0512
0.0528
0.0543
0.0573
0.0587
0.0599
0.0612
0.0623
0.0634
0.0643
0.0653
0.066
0.0668
0.0674
0.0683
0.0687
0.0689
0.0691
0.069
0.069
0.0688
0.0686
0.0681
0.0671
0.0665
0.0656
0.0648
0.0638
0.0628
0.0616
0.0604
0.059
0.0561
0.0546
0.0529
0.0513
0.0495
0.0477
0.0458
0.0439
0.0419
0.04
0.0379
0.0359
0.0338
0.0317
0.0296
0.0275
0.0254
0.0233
0.0212
0.0171
0.0152
0.0132
0.0113
0.0093
0.0076
0.0058
0.0041
0.0024
0.0009
-0.0006
-0.0019
-0.0032
-0.0044
-0.0055
-0.0064
-0.0072
-0.0075
0.0089
0.0192
0.028
0.0217
0.017
0.0187
0.0327
0.0416
0.0505
0.0595
0.0684
0.0859
0.0946
0.103
0.1113
0.1192
0.127
0.1345
0.1417
0.1485
0.155
0.1611
0.1722
0.1771
0.1816
0.1856
0.1891
0.1921
0.1946
0.1965
0.1979
0.1989
0.1992
0.199
0.1968
0.1949
0.1925
0.1894
0.1859
0.1817
0.1771
0.1719
0.1663
0.1601
0.1535
0.1463
0.1388
0.1308
0.1137
0.1046
0.0951
0.0854
0.0753
0.0651
0.044
0.0332
0.0224
0.0114
0.0005
-0.0105
-0.0213
-0.0321
-0.0532
-0.0635
-0.0735
-0.0833
-0.0927
-0.1018
-0.1105
-0.1187
-0.1265
-0.1405
-0.1467
-0.1524
-0.1574
-0.1618
-0.1655
-0.1686
-0.1726
-0.1736
-0.1739
-0.1734
-0.1721
-0.1701
-0.1674
-0.1639
-0.1597
-0.1547
-0.1416
-0.1323
-0.1212
-0.1085
-0.0943
-0.0777
-0.0596
-0.0402
-0.0193
0.025
0.0475
0.0702
0.0929
0.1156
0.138
0.1603
0.1822
0.2037
0.2248
0.2452
0.2841
0.3025
0.32
0.3365
0.352
0.3663
0.3795
0.3914
0.4114
0.4193
0.4258
0.4308
0.4343
0.4363
0.4367
0.4326
0.4282
0.4222
0.4146
0.4054
0.3946
0.3823
0.3685
0.3364
0.3182
0.2986
0.2778
0.2558
0.2326
0.2083
0.1569
0.1298
0.1021
0.0737
0.0448
0.0156
-0.0138
-0.0434
-0.1027
-0.1322
-0.1613
-0.19
-0.2181
-0.2454
-0.2719
-0.322
-0.3455
-0.3676
-0.3884
-0.4076
-0.4252
-0.4553
-0.4677
-0.4781
-0.4866
-0.493
-0.4972
-0.4993
-0.497
-0.4925
-0.4858
-0.4769
-0.4657
-0.4524
-0.4366
-0.3951
-0.3695
-0.3405
-0.3095
-0.2743
-0.2367
-0.1968
-0.1105
-0.0652
-0.0191
0.0278
0.0752
0.1228
0.1706
0.2659
0.3132
0.3598
0.4055
0.45
0.535
0.5753
0.6136
0.6498
0.6837
0.7152
0.7701
0.7934
0.8136
0.8306
0.8443
0.8614
0.8647
0.8643
0.8604
0.8528
0.8415
0.808
0.7857
0.76
0.7308
0.6982
0.6624
0.5813
0.5361
0.4881
0.4376
0.3847
0.2723
0.2131
0.1523
0.027
-0.0372
-0.1019
-0.1668
-0.2315
-0.2958
-0.3594
-0.4837
-0.544
-0.6025
-0.6589
-0.7128
-0.7641
-0.8124
-0.8993
-0.9377
-0.9721
-1.0023
-1.0283
-1.0668
-1.0791
-1.087
-1.0797
-1.0675
-1.0502
-1.028
-1.0009
-0.9689
-0.8907
-0.8446
-0.7941
-0.7395
-0.6809
-0.6185
-0.5515
-0.4039
-0.3246
-0.2493
-0.1478
-0.0539
0.0445
0.2466
0.3495
0.4521
0.5538
0.6543
0.753
0.8496
1.0352
1.1237
1.2086
1.2895
1.366
1.5047
1.5663
1.6221
1.6719
1.7152
1.7818
1.8047
1.8204
1.8289
1.8301
1.824
1.8106
1.7618
1.7264
1.6838
1.6339
1.577
1.5133
1.443
1.3664
1.2838
1.1014
1.002
0.8981
0.7899
0.6779
0.5624
0.444
0.3229
0.1998
0.0749
-0.1786
-0.3067
-0.4347
-0.562
-0.6881
-0.8126
-0.9351
-1.0551
-1.1724
-1.2866
-1.3972
-1.504
-1.6067
-1.7048
-1.8861
-1.9685
-2.0451
-2.1154
-2.1793
-2.2364
-2.2867
-2.3301
-2.3664
-2.4181
-2.4333
-2.4415
-2.4427
-2.4368
-2.4238
-2.4029
-2.3377
-2.2926
-2.24
-2.1796
-2.1113
-2.0356
-1.9531
-1.7683
-1.6663
-1.5579
-1.4434
-1.3231
-1.1976
-0.9321
-0.7927
-0.6498
-0.504
-0.3556
-0.2051
-0.053
0.2547
0.4097
0.5647
0.7191
1.0245
1.1751
1.3236
1.4698
1.6135
1.7543
1.892
2.0263
2.1568
2.2831
2.5209
2.6319
2.7372
2.8367
2.9304
3.0998
3.1754
3.245
3.308
3.3635
3.4116
3.4524
3.5131
3.5332
3.5467
3.5538
3.5546
3.5492
3.5377
3.5202
3.4959
3.4271
3.3827
3.3318
3.2745
3.2108
3.1409
2.9829
2.8948
2.8009
2.7008
2.5951
2.4834
2.3663
2.2434
2.1154
1.9817
1.8432
1.6992
1.3966
1.2387
1.0763
0.9114
0.7428
0.5728
0.3998
0.2263
0.0528
-0.1227
-0.2963
-0.6763
-0.8174
-0.9828
-1.1473
-1.3108
-1.472
-1.6313
-1.7876
-1.9413
-2.238
-2.3806
-2.5198
-2.6542
-2.7848
-2.9102
-3.0312
-3.1468
-3.2552
-3.3553
-3.4492
-3.535
-3.6149
-3.6864
-3.7571
-3.8239
-3.8882
-3.9472
-4.003
-4.0548
-4.1042
-4.1502
-4.1939
-4.235
-4.2737
-4.3085
-4.3396
-4.3779
-4.3853
-4.3852
-4.3773
-4.3622
-4.34
-4.31
-4.2735
-4.2305
-4.1818
-4.1277
-4.0686
-4.0052
-3.9373
-3.8644
-3.788
-3.62
-3.5283
-3.4311
-3.3255
-3.2177
-3.1025
-2.9847
-2.8606
-2.5997
-2.4616
-2.3206
-2.1747
-2.0252
-1.8719
-1.7149
-1.3904
-1.2236
-1.0529
-0.7059
-0.5295
-0.3508
-0.1717
0.0089
0.3705
0.5514
0.7325
0.9124
1.0921
1.4474
1.6227
1.7971
1.9688
2.1391
2.4718
2.6333
2.7926
2.9477
3.1001
3.2481
3.5301
3.6624
3.7862
3.9069
4.0198
4.2278
4.3263
4.4214
4.6047
4.6955
4.7864
4.8768
4.9668
5.0547
5.2198
5.2965
5.3679
5.4323
5.4906
5.5428
5.5915
5.6362
5.6779
5.7171
5.7546
5.7907
5.86
5.8936
5.9267
5.9574
5.9841
6.0003
6.0027
5.9921
5.9361
5.8934
5.8436
5.7364
5.6785
5.6182
5.5565
5.4938
5.4337
5.3672
5.3019
5.237
5.172
5.1058
5.043
4.9796
4.9151
4.851
4.7874
4.7253
4.6641
4.6033
4.5437
4.4844
4.4256
4.3675
4.2533
4.198
4.1451
4.0937
4.044
3.9994
3.9576
3.9156
3.8726
3.8208
3.772
3.723
3.6783
3.6339
3.5518
3.5135
3.4766
3.4424
3.4097
3.3795
3.3508
3.3247
2.2749
2.1573
2.0339
1.9096
1.7822
1.6557
1.5247
1.3938
1.2603
1.127
0.8554
0.7178
0.5803
0.4414
0.3033
0.164
-0.1143
-0.2526
-0.3915
-0.5292
-0.6667
-0.802
-1.0703
-1.203
-1.3334
-1.4628
-1.5891
-1.7141
-1.8356
-1.9555
-2.0715
-2.1857
-2.2957
-2.4039
-2.6107
-2.7092
-2.8062
-2.8995
-2.9912
-3.0789
-3.1646
-3.2449
-3.3231
-3.3955
-3.4648
-3.5301
-3.5928
-3.6545
-3.7126
-3.7702
-3.8242
-3.8774
-3.9266
-3.9734
-4.0169
-4.0581
-4.1328
-4.1661
-4.1955
-4.2206
-4.2421
-4.2594
-4.2734
-4.2833
-4.29
-4.2928
-4.2922
-4.2879
-4.2804
-4.2697
-4.2564
-4.2392
-4.2183
-4.1927
-4.1632
-4.0924
-4.0525
-4.0087
-3.9633
-3.914
-3.8629
-3.8068
-3.7481
-3.6846
-3.618
-3.4752
-3.3986
-3.3192
-3.2359
-3.1517
-3.0632
-2.9722
-2.8776
-2.6786
-2.5745
-2.4658
-2.3547
-2.2449
-2.0393
-1.9438
-1.8531
-1.7707
1.6292
1.573
1.5315
-0.9239
-0.785
-0.6449
-0.5048
-0.2208
-0.0777
0.0648
0.2076
0.3497
0.6327
0.7733
0.9123
1.0507
1.1869
1.3218
1.4544
1.7134
1.8391
1.9621
2.0818
2.1988
2.3116
2.4215
2.6301
2.7292
2.8257
3.0077
3.0938
3.1773
3.2566
3.3328
3.4726
3.5349
3.5941
3.6474
3.7438
3.7858
3.823
3.8571
3.8864
3.9115
3.9328
3.9637
3.9735
3.982
3.9806
3.9748
3.9655
3.9347
3.9131
3.8878
3.858
3.8244
3.7871
3.7453
3.7002
3.6498
3.5394
3.4786
3.4128
3.3447
3.2717
3.1958
3.1152
3.0324
2.9446
2.8542
2.7589
2.6616
2.4547
2.3453
2.2343
2.1184
2.0004
1.8778
1.7539
1.6251
1.4949
1.3601
1.2263
1.0904
0.9558
0.8209
0.6897
0.4185
0.2635
0.1519
-0.0709
-0.1588
-0.2881
-0.553
-0.6837
-0.8139
-0.941
-1.0667
-1.1893
-1.3105
-1.4281
-1.5436
-1.6552
-1.7642
-1.8687
-2.0663
-2.1591
-2.2463
-2.3303
-2.4085
-2.4837
-2.62
-2.6812
-2.7392
-2.7921
-2.8415
-2.8859
-2.9625
-2.9944
-3.021
-3.043
-3.0723
-3.0797
-3.0824
-3.0808
-3.0745
-3.0639
-3.0488
-3.0298
-3.0058
-2.9778
-2.9447
-2.9079
-2.8202
-2.7694
-2.7151
-2.6556
-2.5928
-2.5247
-2.4535
-2.3769
-2.2972
-2.2122
-2.1243
-1.9349
-1.8336
-1.7297
-1.6206
-1.5089
-1.3924
-1.2742
-1.1517
-1.0277
-0.772
-0.6403
-0.5083
-0.3741
-0.2403
-0.1048
0.0301
0.1659
0.3005
0.5692
0.7027
0.9649
1.093
1.2198
1.3433
1.4648
1.5827
1.8091
1.9172
2.0208
2.2157
2.3067
2.3927
2.4746
2.5514
2.6244
2.692
2.8143
2.8689
2.9183
3.0041
3.0403
3.0715
3.1205
3.1381
3.1509
3.1591
3.1626
3.1613
3.1555
3.1446
3.1295
3.1091
3.0547
3.0208
2.9815
2.9382
2.8894
2.8369
2.7788
2.7171
2.6499
2.5029
2.4233
2.3382
2.2498
2.156
1.9568
1.8516
1.741
1.6278
1.5091
1.2625
1.135
1.0035
0.8709
0.7351
0.4601
0.3209
0.1806
-0.1056
-0.2452
-0.3864
-0.7213
-0.7213
-0.789
-0.9133
-1.0387
-1.2737
-1.385
-1.5978
-1.7961
-1.889
-1.9777
-2.0614
-2.1406
-2.2145
-2.2145
-2.2837
-2.3476
-2.4067
-2.4067
-2.4605
-2.5096
-2.5096
-2.5535
-2.5928
-2.6269
-2.6563
-2.6563
-2.6807
-2.7003
-2.715
-2.715
-2.7247
-2.7295
-2.7295
-2.7293
-2.7244
-2.7244
-2.7142
-2.6994
-2.6793
-2.6793
-2.6548
-2.6247
-2.5903
-2.5903
-2.5503
-2.5062
-2.5062
-2.4564
-2.4026
-2.3431
-2.2798
-2.2108
-2.2108
-2.1381
-2.0598
-2.0598
-1.9779
-1.8903
-1.7994
-1.7994
-1.7029
-1.6032
-1.4978
-1.3897
-1.3897
-1.2771
-1.1624
-1.1624
-1.0439
-0.9236
-0.7998
-0.7998
-0.6753
-0.548
-0.4197
-0.4197
-0.2867
-0.1508
-0.035
-0.035
0.1332
0.2745
0.4185
0.5643
0.5643
0.7094
0.8551
0.9992
1.1422
1.1422
1.2824
1.4207
1.5559
1.5559
1.6886
1.8176
1.9436
1.9436
2.0652
2.1831
2.2961
2.405
2.5087
2.5087
2.6085
2.703
2.7937
2.879
2.9606
2.9606
3.0367
3.1092
3.1761
3.2392
3.2962
3.2962
3.3485
3.3943
3.4355
3.4355
3.4707
3.5014
3.5264
3.5264
3.5468
3.5619
3.5619
3.5724
3.5779
3.5779
3.5787
3.5747
3.566
3.566
3.5522
3.5331
3.509
3.509
3.4796
3.4456
3.4456
3.4061
3.3623
3.3129
3.3129
3.2594
3.2004
3.1374
3.1374
3.0688
2.9965
2.9965
2.9185
2.8368
2.7493
2.6584
2.6584
2.5617
2.4617
2.3561
2.3561
2.2474
2.1332
2.0159
2.0159
1.8933
1.7679
1.6372
1.6372
1.5042
1.3662
1.3662
1.2268
1.0831
0.9382
0.79
0.79
0.6411
0.4899
0.3385
0.3385
0.1856
0.0326
-0.121
-0.121
-0.2739
-0.4268
-0.5783
-0.7294
-1.0116
-1.135
-1.135
-1.44
-1.419
-1.4667
-1.5841
-1.7055
-1.8177
-1.9205
-2.0187
-2.1125
-2.1125
-2.2018
-2.2861
-2.3656
-2.4399
-2.5091
-2.573
-2.6317
-2.6317
-2.6851
-2.7335
-2.7766
-2.8148
-2.8478
-2.8478
-2.8758
-2.8986
-2.9165
-2.9291
-2.9368
-2.9368
-2.9392
-2.9366
-2.9287
-2.9158
-2.8975
-2.8975
-2.8744
-2.8458
-2.8125
-2.7736
-2.7303
-2.6813
-2.628
-2.5689
-2.5057
-2.4366
-2.3636
-2.2848
-2.2023
-2.114
-1.9245
-1.7169
-1.6071
-1.4917
-1.3736
-1.1252
-0.9953
-0.9953
-0.8643
-0.5943
-0.4553
-0.3133
-0.1681
0.1429
0.2867
0.5926
0.7471
0.9006
1.0542
1.2059
1.3563
1.6501
1.793
1.9336
2.0705
2.2045
2.4607
2.5821
2.6996
2.8119
3.0235
3.1229
3.217
3.3074
3.4736
3.5493
3.6212
3.6865
3.8013
3.8508
3.8941
3.933
3.9659
3.9943
4.0173
4.0358
4.0489
4.0574
4.061
4.0599
4.0534
4.0416
4.0245
4.002
3.9744
3.9414
3.9038
3.8606
3.8129
3.8129
3.7597
3.7023
3.6394
3.5723
3.4996
3.4229
3.3406
3.3406
3.2546
3.1629
3.0675
2.9663
2.8619
2.7517
2.6384
2.5195
2.3976
2.2704
2.1403
2.005
1.8671
1.7242
1.5789
1.4286
1.2767
1.1205
0.9632
0.8026
0.8026
0.6414
0.4779
0.3142
0.1488
-0.0165
-0.1826
-0.3479
-0.5135
-0.6777
-0.6777
-0.8416
-1.0034
-1.1646
-1.8872
-1.8872
-2.008
-2.1262
-2.2411
-2.3531
-2.4611
-2.7054
-2.7057
-2.7355
-2.8111
-2.9186
-2.9186
-3.0121
-3.1618
-3.1618
-3.2269
-3.2868
-3.3417
-3.3916
-3.4366
-3.4757
-3.5093
-3.537
-3.537
-3.5596
-3.5763
-3.5878
-3.5938
-3.5948
-3.5948
-3.5906
-3.5816
-3.5673
-3.5478
-3.5478
-3.5232
-3.4932
-3.4585
-3.4182
-3.3734
-3.3734
-3.3229
-3.2681
-3.2077
-3.143
-3.0727
-2.9985
-2.9185
-2.8346
-2.7449
-2.6516
-2.5525
-2.45
-2.3418
-2.2303
-2.1133
-1.9932
-1.8678
-1.7394
-1.6058
-1.4695
-1.3283
-1.0375
-0.8885
-0.7362
-0.7362
-0.4277
-0.2716
-0.1139
0.0436
0.202
0.3597
0.5176
0.6742
0.8304
1.0124
1.176
1.3384
1.4983
1.6566
1.8117
1.9645
2.2875
2.347
2.4358
2.5545
2.6861
2.8103
2.8103
2.9323
3.0538
3.1709
3.2847
3.3913
3.4939
3.5884
3.6787
3.7607
3.8391
3.9114
3.9803
4.0428
4.0994
4.1514
4.1985
4.2408
4.2794
4.3131
4.3428
4.368
4.389
4.4053
4.4173
4.4244
4.4274
4.425
4.4179
4.4055
4.3882
4.3661
4.3403
4.3103
4.2746
4.2333
4.1865
4.1865
4.135
4.0792
4.022
3.9636
3.9021
3.9021
3.8403
3.7728
3.6844
3.5913
3.4942
3.4942
3.3926
3.2882
3.1879
3.0944
2.9915
2.874
2.874
2.76
2.6516
2.5484
2.452
2.3621
2.2811
2.2083
2.1464
1.847
1.7204
1.7204
1.5886
1.454
1.3147
1.1735
1.0283
0.8817
0.7318
0.7318
0.5815
0.4288
0.2758
0.1212
-0.0331
-0.1882
-0.3425
-0.4969
-0.6498
-0.6498
-0.8021
-0.9523
-1.1016
-1.2483
-1.3935
-1.5356
-1.6756
-1.8121
-1.9458
-2.0753
-2.0753
-2.2015
-2.3228
-2.4403
-2.5525
-2.6606
-2.7633
-2.8619
-2.955
-2.955
-3.0439
-3.1261
-3.2031
-3.2722
-3.3359
-3.3922
-3.4434
-3.4434
-3.4883
-3.5316
-3.5718
-3.6093
-3.6442
-3.6442
-3.6758
-3.7054
-3.7319
-3.756
-3.7763
-3.7763
-3.7925
-3.8014
-3.8034
-3.799
-3.7882
-3.7714
-3.747
-3.7163
-3.6791
-3.6377
-3.5884
-3.5884
-3.5355
-3.4755
-3.411
-3.341
-3.267
-3.1872
-3.1043
-3.0155
-3.0155
-2.8252
-2.724
-2.724
-2.6174
-2.508
-2.3932
-2.2757
-2.1529
-2.0274
-2.0274
-1.8968
-1.7635
-1.6251
-1.4844
-1.3388
-1.3388
-1.1921
-1.0412
-0.889
-0.7336
-0.5778
-0.4194
-0.2606
-0.1002
0.061
0.2244
0.99
0.9247
0.9169
0.9684
1.0715
1.2151
1.387
1.5514
1.7127
1.8735
1.8735
2.0331
2.1917
2.3484
2.5046
2.5046
2.6585
2.8098
2.9572
3.1016
3.2394
3.3728
3.3728
3.4992
3.6207
3.7345
3.8466
3.8466
3.952
4.0568
4.1573
4.2543
4.3521
4.4487
4.4487
4.5455
4.6419
4.7379
4.8321
4.9234
4.9234
5.0112
5.0964
5.1767
5.2521
5.3203
5.3203
5.383
5.4408
5.496
5.5483
5.5982
5.5982
5.6461
5.6923
5.7374
5.7815
5.8249
5.8249
5.8676
5.9098
5.9514
5.9921
6.0316
6.0698
6.0698
6.1062
6.1409
6.1773
6.2122
6.2464
6.2803
6.3139
6.3463
6.3789
6.4114
6.4438
6.4758
6.5076
6.5392
6.5693
6.5693
6.6031
6.6345
6.6632
6.6887
6.7112
6.7299
6.7299
6.7434
6.7528
6.7577
6.7589
6.7562
6.7506
6.7426
6.7375
6.736
6.736
6.7351
6.7346
6.7341
6.7335
6.7327
6.7314
6.7314
6.7297
6.7275
6.7249
6.7217
6.7178
6.7132
6.7132
6.7077
6.7016
6.6948
6.6873
6.679
6.679
6.6699
6.66
6.6493
6.6384
6.6273
6.6162
6.6057
6.5956
6.5861
6.5861
6.578
6.5733
6.5698
6.565
6.5596
6.5549
6.5492
6.5428
6.5428
6.5384
6.5393
6.5406
6.5429
6.5454
6.5481
6.5509
6.5509
6.5537
6.5558
6.5572
6.5584
6.559
6.559
6.559
6.5597
6.5596
6.5596
6.5592
6.558
6.5565
6.5549
6.5529
6.5506
6.5506
6.548
6.5451
6.5418
6.5402
6.5398
6.5397
6.5399
6.5401
6.5402
6.5402
6.5404
6.5406
6.5407
6.5408
6.5408
6.5408
6.5408
6.5406
6.5404
6.5411
6.5411
6.5419
6.5426
6.543
6.5431
6.5432
6.5433
6.5433
6.5432
6.5432
6.5431
6.543
6.543
6.5429
6.5428
6.5427
6.5426
6.5426
6.5425
6.5424
6.5425
6.5425
6.5425
6.5425
6.5425
6.5425
6.5425
6.5424
6.5424
6.5424
6.5425
6.5425
6.5425
6.5425
6.5425
6.5425
6.5425
6.5425
6.5425
6.5425
6.5425
6.5425
6.5425
6.5425
6.5425
6.5425
6.5425
6.5425
6.5425
6.5425
6.5425
6.5425
6.5425
6.5425
6.5425
6.5425
6.5425
6.5426
6.5425
6.5425
6.5424
6.5424
6.5424
6.5424
6.5424
6.5424
6.5424
6.5425
6.5425
6.5426
6.5425
6.5425
6.5425
6.5425
6.5424
6.5425
6.5425
6.5425
6.5425
6.5425
6.5425
6.5425
6.5425
6.5425
6.5425
6.5426
6.5426
6.5425
6.5425
6.5425
6.5425
6.5425
6.5425
6.5425
6.5425
6.5425
6.5425
6.5425
6.5425
6.5425
6.5425
6.5424
6.5424
6.5424
6.5424
6.5424
6.5424
6.5425
6.5424
6.5424
6.5424
6.5425
6.5425
6.5425
6.5424
6.5424
6.5425
6.5425
6.5425
6.5426
6.5425
6.5424
6.5425
6.5425
6.5425
6.5425
6.5425
6.5425
6.5426
6.5426
6.5426
6.5426
6.5426
6.5426
6.5426
6.5426
6.5426
6.5426
6.5426
6.5426
6.5426
6.5426
6.5425
6.5425
6.5426
6.5425
6.5425
6.5425
6.5424
6.5425
6.5425
6.5424
6.5425
6.5424
6.5424
6.5425
6.5425
6.5425
6.5424
6.5424
6.5425
6.5425
6.5425
6.5425
6.5426
6.5426
6.5426
6.5426
6.5426
6.5425
6.5425
6.5425
6.5425
6.5425
6.5425
6.5426
6.5426
6.5426
6.5426
6.5426
6.5426
6.5426
6.5426
6.5425
6.5425
6.5425
6.5425
6.5425
6.5425
6.5425
6.5425
6.5425
6.5425
6.5425
6.5425
6.5425
6.5425
6.5425
6.5424
6.5425
6.5425
6.5426
6.5426
6.5426
6.5426
6.5426
6.5426
6.5426
6.5426
6.5425
6.5425
6.5425
6.5425
6.5426
6.5426
6.5426
6.5426
6.5426
6.5425
6.5425
6.5425
6.5425
6.5426
6.5425
6.5426
6.5426
6.5426
6.5426
6.5426
6.5426
6.5426
6.5425
6.5425
6.5425
6.5425
6.5425
6.5425
6.5425
6.5425
6.5425
6.5426
6.5426
6.5426
6.5425
6.5425
6.5425
6.5425
6.5425
6.5426
6.5426
6.5426
6.5426
6.5426
6.5426
6.5425
6.5425
6.5425
6.5425
6.5425
6.5426
6.5426
6.5426
6.5426
6.5426
6.5426
6.5426
6.5425
6.5426
6.5426
6.5425
6.5425
6.5425
6.5425
6.5426
6.5426
6.5426
6.5426
6.5426
6.5425
6.5425
6.5425
6.5424
6.5425
6.5425
6.5425
6.5425
6.5425
6.5425
6.5425
6.5425
6.5426
6.5426
6.5425
6.5425
6.5425
6.5424
6.5424
6.5424
6.5425
6.5425
6.5424
6.5425
6.5424
6.5424
6.5424
6.5424
6.5424
6.5425
6.5426
6.5425
6.5425
6.5425
6.5425
6.5425
6.5425
6.5424
6.5424
6.5424