0.7598
0.7598
0.7598
0.7598
0.7598
0.7598
0.7598
0.7598
0.7598
0.7598
0.7598
0.7598
0.7599
0.7598
0.7596
0.7592
0.7589
0.7585
0.758
0.7576
0.7572
0.7568
0.7564
0.756
0.7555
0.7545
0.7539
0.7534
0.7528
0.7521
0.7514
0.75
0.7493
0.7485
0.7477
0.7468
0.746
0.7441
0.7431
0.7421
0.7411
0.74
0.7388
0.7364
0.7351
0.7338
0.7325
0.7311
0.7297
0.7267
0.7251
0.7235
0.7218
0.72
0.7182
0.7144
0.7124
0.7104
0.7083
0.7061
0.7038
0.7014
0.6964
0.6937
0.6911
0.6883
0.6854
0.6825
0.6794
0.673
0.6697
0.6663
0.6628
0.6593
0.6555
0.6478
0.6437
0.6397
0.6355
0.6312
0.6268
0.6176
0.6128
0.6081
0.6032
0.593
0.5878
0.5825
0.5772
0.5716
0.5602
0.5543
0.5485
0.5425
0.5363
0.5237
0.5171
0.5108
0.5042
0.4906
0.4836
0.4768
0.4698
0.4626
0.4553
0.4404
0.4327
0.418
0.4104
0.403
0.3953
0.3874
0.3794
0.363
0.3546
0.3466
0.3384
0.33
0.3215
0.3129
0.3043
0.2955
0.2868
0.2781
0.2616
0.2539
0.2471
0.2409
0.2357
0.2317
0.2294
0.2292
0.2203
0.2107
0.1888
0.1789
0.1703
0.1622
0.1546
0.1474
0.1405
0.134
0.1277
0.1217
0.1158
0.1101
0.1044
0.0933
0.0877
0.0825
0.0772
0.0718
0.0665
0.0611
0.0558
0.0505
0.0453
0.04
0.0349
0.0297
0.0247
0.0197
0.0147
0.0098
0.005
0.0003
-0.009
-0.0136
-0.0178
-0.0219
-0.0261
-0.0301
-0.0341
-0.038
-0.0419
-0.0493
-0.0529
-0.0562
-0.0594
-0.0625
-0.0655
-0.0685
-0.0714
-0.0741
-0.0794
-0.0818
-0.084
-0.0861
-0.0881
-0.09
-0.0918
-0.0935
-0.0951
-0.098
-0.0992
-0.1002
-0.1012
-0.102
-0.1028
-0.1034
-0.1039
-0.1046
-0.1048
-0.1049
-0.1048
-0.1047
-0.1044
-0.1041
-0.1036
-0.1031
-0.1024
-0.1017
-0.1008
-0.0998
-0.0988
-0.0977
-0.0951
-0.0937
-0.0922
-0.0907
-0.0891
-0.0874
-0.0856
-0.0839
-0.0819
-0.08
-0.078
-0.0759
-0.0737
-0.0715
-0.067
-0.0646
-0.0624
-0.06
-0.0576
-0.0551
-0.0526
-0.0501
-0.0476
-0.045
-0.0425
-0.0398
-0.0373
-0.032
-0.0294
-0.0269
-0.0244
-0.0219
-0.0193
-0.0168
-0.0143
-0.0118
-0.0092
-0.0042
-0.0019
0.0004
0.0027
0.005
0.0071
0.0094
0.0116
0.0158
0.018
0.0198
0.0218
0.0236
0.0254
0.0272
0.029
0.0306
0.0339
0.0355
0.0369
0.0383
0.0396
0.0409
0.0421
0.0433
0.0444
0.0455
0.0465
0.0484
0.0493
0.05
0.0508
0.0514
0.052
0.0525
0.0531
0.0535
0.054
0.0543
0.0546
0.0551
0.0553
0.0554
0.0554
0.0555
0.0554
0.0554
0.0552
0.055
0.0548
0.0546
0.054
0.0537
0.0533
0.053
0.0529
0.0533
0.0541
0.0554
0.0571
0.0592
0.0617
0.0673
0.0707
0.0742
0.078
0.0819
0.0863
0.0907
0.095
0.0989
0.1026
0.1059
0.1117
0.1142
0.1161
0.1179
0.1194
0.1207
0.1217
0.1226
0.1232
0.1237
0.1239
0.1239
0.1234
0.1228
0.1222
0.1213
0.1203
0.1191
0.1178
0.1164
0.1131
0.1113
0.1095
0.1076
0.1056
0.1036
0.1013
0.0991
0.0968
0.092
0.0896
0.0873
0.085
0.0825
0.0801
0.0777
0.0753
0.0728
0.0704
0.0679
0.0655
0.0631
0.0584
0.0584
0.0542
0.0522
0.0502
0.0484
0.0465
0.0428
0.0411
0.0395
0.038
0.0364
0.035
0.0336
0.0309
0.0297
0.0286
0.0276
0.0265
0.0256
0.0247
0.0239
0.0231
0.0224
0.0217
0.0211
0.0205
0.0201
0.0196
0.0192
0.0186
0.0183
0.0182
0.018
0.018
0.0179
0.0179
0.0179
0.018
0.018
0.0183
0.0185
0.0186
0.0189
0.0191
0.0194
0.0197
0.02
0.0203
0.021
0.0214
0.0217
0.0221
0.0224
0.0228
0.0232
0.0236
0.0239
0.0247
0.0251
0.0255
0.0267
0.0288
0.0324
0.0377
0.045
0.0479
0.0513
0.0562
0.0622
0.0689
0.0753
0.0813
0.0866
0.0916
0.1
0.1034
0.1062
0.1085
0.1105
0.1133
0.1141
0.1146
0.1147
0.1146
0.1141
0.1134
0.1124
0.1098
0.1082
0.1064
0.1045
0.1024
0.1002
0.0978
0.0953
0.0927
0.0901
0.0873
0.0846
0.0817
0.0789
0.0731
0.0702
0.0675
0.0648
0.0622
0.057
0.0544
0.052
0.0497
0.0475
0.0453
0.0412
0.0392
0.0375
0.0358
0.0342
0.0327
0.0313
0.03
0.0287
0.0264
0.0254
0.0246
0.0238
0.0231
0.0225
0.0219
0.0215
0.0211
0.0204
0.0202
0.0201
0.02
0.02
0.02
0.0201
0.0202
0.0204
0.0205
0.0208
0.0213
0.0216
0.022
0.0223
0.0227
0.0231
0.0234
0.0238
0.0243
0.0254
0.0317
0.037
0.042
0.0473
0.0537
0.061
0.0689
0.0771
0.0848
0.0979
0.1034
0.1077
0.1114
0.1145
0.1171
0.1192
0.1207
0.1218
0.1223
0.1221
0.1214
0.1203
0.1188
0.117
0.1149
0.1126
0.1071
0.1041
0.1011
0.0979
0.0946
0.0877
0.0842
0.0808
0.0774
0.074
0.0672
0.0639
0.0608
0.0578
0.0548
0.0519
0.0491
0.0437
0.0412
0.039
0.0369
0.0348
0.033
0.0312
0.028
0.0265
0.0253
0.0243
0.0233
0.0224
0.0217
0.0211
0.0205
0.0197
0.0194
0.0193
0.0192
0.0192
0.0193
0.0194
0.0198
0.0201
0.0205
0.0209
0.0213
0.0222
0.0227
0.0231
0.0236
0.0241
0.0246
0.0256
0.0262
0.0266
0.0271
0.0282
0.031
0.0364
0.0503
0.0523
0.0568
0.0633
0.0709
0.0863
0.0931
0.0985
0.1032
0.1072
0.1105
0.1152
0.1166
0.1173
0.1174
0.1171
0.115
0.1134
0.1114
0.109
0.1064
0.1036
0.1004
0.0936
0.09
0.0864
0.0828
0.0791
0.0754
0.0717
0.0642
0.0605
0.0571
0.0539
0.0507
0.0476
0.0446
0.0418
0.039
0.034
0.0317
0.0297
0.0279
0.0262
0.0246
0.0233
0.022
0.021
0.0192
0.0186
0.0181
0.0178
0.0175
0.0174
0.0174
0.0175
0.0176
0.0182
0.0186
0.0191
0.0196
0.0201
0.0207
0.0213
0.0219
0.0233
0.024
0.0246
0.0253
0.0259
0.0266
0.0278
0.0284
0.0289
0.0294
0.0299
0.0304
0.0312
0.0316
0.0319
0.0322
0.0325
0.033
0.0357
0.0424
0.0731
0.07
0.0725
0.0827
0.0968
0.1114
0.1245
0.1462
0.1548
0.1611
0.1661
0.1699
0.1726
0.1742
0.1744
0.173
0.1708
0.1677
0.164
0.1597
0.1548
0.1494
0.1375
0.1309
0.1246
0.1182
0.1116
0.1049
0.0982
0.0916
0.0849
0.072
0.0657
0.0601
0.0547
0.0496
0.0447
0.0401
0.0357
0.0279
0.0244
0.0215
0.0189
0.0166
0.0146
0.0114
0.0102
0.0094
0.0088
0.0085
0.0083
0.0084
0.0087
0.0091
0.0104
0.0112
0.0121
0.0132
0.0143
0.0154
0.0166
0.0192
0.0205
0.0217
0.023
0.0248
0.0281
0.034
0.04
0.0486
0.0559
0.0633
0.0701
0.0762
0.0815
0.0901
0.0934
0.0957
0.0973
0.0984
0.099
0.0985
0.0975
0.0961
0.0943
0.0922
0.0897
0.087
0.0841
0.081
0.0777
0.0707
0.0671
0.0637
0.0603
0.0569
0.0536
0.0503
0.047
0.0409
0.038
0.0355
0.0331
0.0309
0.0289
0.027
0.0252
0.0222
0.021
0.0201
0.0193
0.0186
0.0181
0.0178
0.0176
0.0175
0.0177
0.018
0.0183
0.0188
0.0199
0.0205
0.0212
0.0219
0.0242
-0.04
-0.0987
-0.084
0.0926
0.113
0.1358
0.1584
0.1789
0.1971
0.2129
0.2378
0.2469
0.253
0.2571
0.2595
0.2603
0.2595
0.2573
0.2487
0.2425
0.2356
0.2277
0.2191
0.2098
0.1999
0.1895
0.1677
0.1564
0.1459
0.1355
0.1251
0.1147
0.1046
0.0947
0.0851
0.0758
0.0584
0.0503
0.0434
0.0371
0.0312
0.0258
0.0209
0.0164
0.0091
0.0061
0.0039
0.0022
0.0009
0
-0.0006
-0.0007
-0.0001
0.0007
0.0017
0.003
0.0044
0.006
0.0096
0.0116
0.0136
0.0155
0.0175
0.0195
0.0215
0.0235
0.0273
0.0291
0.0307
0.0322
0.0336
0.035
0.0362
0.0372
0.0391
0.0398
0.0403
0.0408
0.0414
0.0415
0.0415
0.0415
0.0413
0.0414
0.0635
0.0977
0.1468
0.0967
0.0808
0.1221
0.1468
0.1683
0.1872
0.2035
0.2174
0.2291
0.2385
0.2509
0.2541
0.2549
0.2539
0.2514
0.2475
0.2422
0.2358
0.2282
0.2104
0.2002
0.1902
0.1798
0.158
0.1466
0.1362
0.1258
0.1154
0.1053
0.0953
0.0762
0.0671
0.0593
0.0519
0.0385
0.0325
0.0275
0.0231
0.0191
0.0156
0.0101
0.008
0.0066
0.0065
0.0102
0.0269
0.0403
0.0551
0.0692
0.0821
0.0937
0.1041
0.1133
0.1212
0.1281
0.1383
0.1418
0.1437
0.1447
0.1438
0.1421
0.1396
0.1364
0.1326
0.1283
0.1182
0.1125
0.107
0.1013
0.0954
0.0894
0.0773
0.0713
0.0658
0.0605
0.0553
0.0503
0.0456
0.041
0.0327
0.029
0.0259
0.0231
0.0205
0.0183
0.0164
0.0147
0.0156
-0.1417
-0.1009
0.0966
0.1171
0.145
0.1737
0.2
0.2232
0.2434
0.2606
0.2864
0.2951
0.3
0.3026
0.303
0.2976
0.2918
0.2847
0.2761
0.2663
0.2553
0.2434
0.2308
0.2176
0.1896
0.1752
0.1618
0.1485
0.1353
0.1223
0.1095
0.0851
0.0736
0.0637
0.0544
0.0375
0.03
0.0238
0.0183
0.0134
0.0056
0.0026
0.0005
-0.0011
-0.0021
-0.0027
-0.0023
-0.0015
-0.0004
0.0028
0.0048
0.0069
0.0091
0.0115
0.0139
0.0164
0.0215
0.0241
0.0264
0.0286
0.0308
0.0329
0.0348
0.0366
0.0383
0.0413
0.0426
0.0436
0.0444
0.0451
0.0456
0.0463
0.0464
0.0463
0.0461
0.0465
0.0552
0.1383
0.1435
0.0842
0.1049
0.1328
0.1586
0.1816
0.2188
0.2331
0.2433
0.2509
0.2564
0.2596
0.2609
0.2602
0.2534
0.2475
0.2404
0.2227
0.2122
0.2017
0.1907
0.1791
0.155
0.1425
0.1311
0.1198
0.0977
0.087
0.0776
0.0686
0.0524
0.0582
0.0739
0.0903
0.1483
0.1772
0.2028
0.2446
0.2607
0.2793
0.2834
0.2843
0.283
0.2746
0.2675
0.2499
0.2392
0.2283
0.2166
0.1913
0.1778
0.1652
0.1397
0.127
0.1155
0.1043
0.0934
0.0828
0.0629
0.0537
0.0458
0.0386
0.0319
0.0258
0.0202
0.0153
0.011
0.0072
0.0014
-0.0006
0.0036
0.0235
0.0495
0.0993
0.1435
0.2214
0.2834
0.3074
0.3392
0.3485
0.3527
0.3493
0.334
0.3227
0.3103
0.2965
0.2815
0.2656
0.2313
0.2132
0.2132
0.195
0.1754
0.1364
0.1174
0.1005
0.0844
0.0689
0.0542
0.0403
0.0345
-0.0783
0.0536
0.0642
0.0866
0.1099
0.1313
0.1504
0.1673
0.182
0.1947
0.2053
0.2208
0.2256
0.2281
0.2289
0.2283
0.2262
0.2229
0.2183
0.2127
0.2061
0.1987
0.1905
0.1817
0.1724
0.1627
0.1423
0.1423
0.1328
0.1116
0.1006
0.0907
0.0719
0.0631
0.0554
0.0483
0.0352
0.0295
0.0247
0.0204
0.0166
0.0133
0.0105
0.0081
0.0047
0.0037
0.0031
0.003
0.0032
0.007
0.0266
0.064
0.0828
0.1291
0.1925
0.2533
0.3102
0.3628
0.4106
0.4532
0.4903
0.5217
0.5474
0.5675
0.5824
0.5924
0.5977
0.5986
0.5954
0.5774
0.563
0.5464
0.5273
0.506
0.4829
0.4582
0.4324
0.4056
0.3781
0.3503
0.3222
0.2943
0.2392
0.2123
0.188
0.1647
0.1423
0.121
0.1006
0.082
0.0706
0.0688
0.071
0.0841
0.0974
0.1095
0.1203
0.1298
0.138
0.1451
0.151
0.1559
0.1597
0.1641
0.1648
0.1644
0.1632
0.1612
0.1584
0.155
0.1509
0.1464
0.1413
0.1299
0.1236
0.1176
0.1114
0.1051
0.0987
0.0923
0.0902
0.136
0.1438
0.177
0.2214
0.2664
0.3075
0.3442
0.3762
0.4034
0.426
0.4441
0.4579
0.4677
0.4736
0.4759
0.4748
0.4706
0.4634
0.4536
0.4413
0.4269
0.4107
0.3928
0.3736
0.3533
0.3321
0.288
0.2652
0.2441
0.2231
0.2024
0.182
0.162
0.124
0.1061
0.0906
0.0761
0.0625
0.0498
0.0381
0.0274
0.0177
0.0089
0.0011
-0.0115
-0.0163
-0.0197
-0.0222
-0.024
-0.0249
-0.0252
-0.0248
-0.0238
-0.0223
-0.016
0.0177
0.0366
0.063
0.1066
0.1576
0.2059
0.2503
0.2904
0.3261
0.3571
0.3836
0.4056
0.4233
0.4369
0.4466
0.4527
0.4552
0.4545
0.4507
0.444
0.4347
0.4231
0.3937
0.3761
0.3584
0.3396
0.32
0.2997
0.2789
0.2579
0.2368
0.2157
0.1949
0.1544
0.1349
0.1178
0.1016
0.0715
0.0578
0.0463
0.0359
0.0177
0.0101
0.0041
-0.001
-0.0074
-0.0309
0.0369
0.0207
0.0616
0.083
0.1018
0.1189
0.1343
0.1479
0.1599
0.1702
0.179
0.1862
0.1919
0.1962
0.1991
0.2006
0.1999
0.1977
0.1944
0.1901
0.185
0.1791
0.1725
0.1654
0.1577
0.1412
0.1324
0.1241
0.1165
0.1418
0.1576
0.1757
0.1983
0.2198
0.2384
0.2541
0.2771
0.2845
0.2884
0.2893
0.2866
0.2819
0.2756
0.2679
0.2589
0.2487
0.2256
0.2127
0.2003
0.1746
0.1614
0.1492
0.1371
0.1132
0.1015
0.0912
0.0814
0.072
0.063
0.0545
0.0391
0.0323
0.0266
0.0216
0.0171
0.0132
0.0099
0.0048
0.003
0.0019
0.0013
0.0011
0.0018
0.0028
0.0039
0.0054
0.007
0.0088
0.0129
0.0151
0.0173
0.0195
0.0217
0.026
0.0414
0.0657
0.0713
0.0959
0.1181
0.1379
0.1703
0.183
0.192
0.1989
0.2039
0.2071
0.2086
0.2084
0.2034
0.1988
0.1931
0.1865
0.179
0.1617
0.1521
0.1428
0.1333
0.1236
0.1138
0.0941
0.0844
0.0758
0.0674
0.0594
0.0445
0.0376
0.0318
0.0265
0.0172
0.0134
0.0104
0.0078
0.0057
0.0041
0.0021
0.0179
0.069
0.0759
0.0527
0.0726
0.0928
0.1113
0.1279
0.1426
0.1661
0.175
0.1812
0.1856
0.1885
0.1899
0.19
0.1862
0.1824
0.1777
0.1721
0.1657
0.1587
0.1429
0.1342
0.126
0.1175
0.1004
0.0917
0.0839
0.0763
0.0616
0.0547
0.0436
0.039
0.0351
0.0317
0.0286
0.0259
0.0216
0.02
0.0188
0.018
0.0172
0.0172
0.0175
0.018
0.0187
0.0195
0.0205
0.0216
0.024
0.0254
0.0267
0.028
0.0293
0.0319
0.0331
0.0342
0.0352
0.0362
0.0379
0.0386
0.0392
0.0407
0.0511
0.0811
0.1323
0.1139
0.0948
0.0911
0.113
0.129
0.143
0.1552
0.1656
0.1809
0.186
0.1888
0.1902
0.1887
0.186
0.1822
0.1774
0.1717
0.1653
0.1581
0.1504
0.1423
0.1338
0.116
0.1068
0.0984
0.0901
0.0819
0.0739
0.0586
0.0514
0.0451
0.0393
0.0289
0.0244
0.0207
0.0147
0.0124
0.0107
0.0094
0.0085
0.008
0.0078
0.008
0.0084
0.0099
0.0111
0.0124
0.0138
0.017
0.0188
0.0205
0.0222
0.0257
0.0274
0.029
0.0305
0.0319
0.0332
0.0345
0.0368
0.0378
0.0386
0.0393
0.0399
0.0407
0.0409
0.041
0.0409
0.0408
0.0405
0.0398
0.0393
0.0388
0.0383
0.0377
0.0371
0.0364
0.0351
0.0345
0.0339
0.0332
0.0321
0.0315
0.031
0.0306
0.0301
0.0297
0.0294
0.0289
0.0473
0.1224
0.2504
0.4274
0.6528
0.5994